54
A 0 0 5 7
B 5 0 5 7
C 10 0 5 7
D 15 0 5 7
E 20 0 5 7
F 25 0 5 7
/ 30 0 5 7
G 0 7 5 7
H 5 7 5 7
I 10 7 5 7
J 15 7 5 7
K 20 7 5 7
L 25 7 5 7
( 30 7 5 7
M 0 14 5 7
N 5 14 5 7
O 10 14 5 7
P 15 14 5 7
Q 20 14 5 7
R 25 14 5 7
) 30 14 5 7
S 0 21 5 7
T 5 21 5 7
U 10 21 5 7
V 15 21 5 7
W 20 21 5 7
X 25 21 5 7
[ 30 21 5 7
Y 0 28 5 7
Z 5 28 5 7
! 10 28 5 7
. 15 28 5 7
? 20 28 5 7
0 25 28 5 7
] 30 28 5 7
1 0 35 5 7
2 5 35 5 7
3 10 35 5 7
4 15 35 5 7
5 20 35 5 7
6 25 35 5 7
7 30 35 5 7
8 0 42 5 7
9 5 42 5 7
< 10 42 5 7
> 15 42 5 7
+ 20 42 5 7
- 25 42 5 7
* 0 49 5 7
: 5 49 5 7
\ 10 49 5 7
# 15 49 5 7
~ 20 49 5 7
test 25 49 5 7
